[gd_scene load_steps=4 format=3 uid="uid://b6fkeu6puv867"]

[ext_resource type="PackedScene" uid="uid://cyjfpgx2xna18" path="res://assetscenes/player.tscn" id="1_yd12n"]
[ext_resource type="PackedScene" uid="uid://dn7bsvt1xcuws" path="res://assetscenes/turret.tscn" id="2_i0u3b"]
[ext_resource type="PackedScene" uid="uid://viyfpoo0felw" path="res://assetscenes/terrain_block.tscn" id="3_4gxog"]

[node name="Mainscene" type="MainNode"]

[node name="PlayerNode" parent="." instance=ExtResource("1_yd12n")]
transform = Transform3D(1, 0, 0, 0, 1, 0, 0, 0, 1, 0.764677, 0.57717, 1.55421)

[node name="Turrets" type="Node" parent="."]

[node name="TurretNode2" parent="Turrets" instance=ExtResource("2_i0u3b")]
transform = Transform3D(0.059498, 0, 0.998228, -0.107583, 0.994175, 0.00641232, -0.992414, -0.107774, 0.0591515, -2.86589, 5.05497, -28.4719)

[node name="TurretNode6" parent="Turrets" instance=ExtResource("2_i0u3b")]
transform = Transform3D(0.372194, 0, -0.928155, 0.100031, 0.994175, 0.0401128, 0.922749, -0.107774, 0.370026, 26.9368, 7.65045, -11.6681)

[node name="TurretNode3" parent="Turrets" instance=ExtResource("2_i0u3b")]
transform = Transform3D(-0.465506, -3.72529e-09, 0.885044, -0.0953847, 0.994175, -0.0501695, -0.879889, -0.107774, -0.462795, 8.26039, 4.32741, -42.6605)

[node name="TurretNode4" parent="Turrets" instance=ExtResource("2_i0u3b")]
transform = Transform3D(0.059498, 0, 0.998228, -0.107583, 0.994175, 0.00641232, -0.992414, -0.107774, 0.0591515, -6.49231, 18.6369, -48.5181)

[node name="TurretNode5" parent="Turrets" instance=ExtResource("2_i0u3b")]
transform = Transform3D(0.977397, 0, 0.21141, -0.0227844, 0.994175, 0.105338, -0.210179, -0.107774, 0.971704, -0.770192, 10.6757, -57.8418)

[node name="Terrain" type="Node" parent="."]

[node name="TerrainBlock" parent="Terrain" instance=ExtResource("3_4gxog")]
transform = Transform3D(1, 0, 0, 0, 1, 0, 0, 0, 1, 0, -5.31392, 0)

[node name="TerrainBlock13" parent="Terrain" instance=ExtResource("3_4gxog")]
transform = Transform3D(0.990738, 0.135785, 0, -0.135785, 0.990738, 0, 0, 0, 1, -8.14962, -4.5543, 0)

[node name="TerrainBlock8" parent="Terrain" instance=ExtResource("3_4gxog")]
transform = Transform3D(0.995244, 0, 0.0974092, 0, 1, 0, -0.0974092, 0, 0.995244, -8.00704, -3.63359, -4.07787)

[node name="TerrainBlock12" parent="Terrain" instance=ExtResource("3_4gxog")]
transform = Transform3D(0.99978, 0, 0.0209425, 0, 1, 0, -0.0209425, 0, 0.99978, -11.8346, -1.14329, -10.3685)

[node name="TerrainBlock5" parent="Terrain" instance=ExtResource("3_4gxog")]
transform = Transform3D(0.995694, 0.0761261, 0.0529023, -0.0926845, 0.806118, 0.584451, 0.00184651, -0.586838, 0.809702, -1.20778, -4.46911, 7.78408)

[node name="TerrainBlock2" parent="Terrain" instance=ExtResource("3_4gxog")]
transform = Transform3D(1, 0, 0, 0, 0.995623, -0.0934654, 0, 0.0934654, 0.995623, 0, -4.92079, -9.17788)

[node name="TerrainBlock7" parent="Terrain" instance=ExtResource("3_4gxog")]
transform = Transform3D(0.544419, 0.435142, 0.717119, 0.00264983, 0.854025, -0.520226, -0.838809, 0.285122, 0.463795, -6.10054, -3.66543, -12.4411)

[node name="TerrainBlock14" parent="Terrain" instance=ExtResource("3_4gxog")]
transform = Transform3D(1.8, 0, 0, 0, 1.79212, -0.168238, 0, 0.168238, 1.79212, 4.4051, -8.0068, -19.4921)

[node name="TerrainBlock18" parent="Terrain" instance=ExtResource("3_4gxog")]
transform = Transform3D(1.8, 0, 0, 0, 1.79212, -0.168238, 0, 0.168238, 1.79212, 11.4103, -9.17595, -7.03796)

[node name="TerrainBlock19" parent="Terrain" instance=ExtResource("3_4gxog")]
transform = Transform3D(1.98506, 0, 2.56069, 0.239337, 3.22582, -0.185535, -2.54948, 0.302828, 1.97637, 26.0739, -15.6929, -18.2596)

[node name="TerrainBlock26" parent="Terrain" instance=ExtResource("3_4gxog")]
transform = Transform3D(0.112313, 0.0146347, 0.115871, -0.0411388, 0.928499, 0.0265595, -0.128583, -0.28428, 0.0927121, 27.3177, 3.00239, -10.6725)

[node name="TerrainBlock20" parent="Terrain" instance=ExtResource("3_4gxog")]
transform = Transform3D(3.23883, 0, -0.0870743, -0.00813847, 3.22582, -0.302719, 0.0866933, 0.302828, 3.22465, 0.928799, -11.7813, -59.9271)

[node name="TerrainBlock24" parent="Terrain" instance=ExtResource("3_4gxog")]
transform = Transform3D(3.23883, 0, -0.0870743, -0.00813847, 3.22582, -0.302719, 0.0866933, 0.302828, 3.22465, 9.72374, -11.3917, -64.0774)

[node name="TerrainBlock25" parent="Terrain" instance=ExtResource("3_4gxog")]
transform = Transform3D(3.23883, 0, -0.0870743, -0.00813847, 3.22582, -0.302719, 0.0866933, 0.302828, 3.22465, 30.3796, -13.5572, -41.0102)

[node name="TerrainBlock21" parent="Terrain" instance=ExtResource("3_4gxog")]
transform = Transform3D(3.2321, 0.00603555, -0.226011, -0.00565485, 3.23999, 0.00565486, 0.22602, -0.00524662, 3.2321, -21.1909, 2.05273, -65.573)

[node name="TerrainBlock22" parent="Terrain" instance=ExtResource("3_4gxog")]
transform = Transform3D(2.47082, 0.00603555, 2.09585, -0.00799659, 3.23999, 9.68701e-05, -2.09585, -0.00524662, 2.47083, -4.09797, -5.70757, -75.9509)

[node name="TerrainBlock23" parent="Terrain" instance=ExtResource("3_4gxog")]
transform = Transform3D(2.82264, 0.00603555, -1.59067, -0.00268227, 3.23999, 0.00753394, 1.59068, -0.00524662, 2.82264, 25.475, -5.75322, -70.1211)

[node name="TerrainBlock16" parent="Terrain" instance=ExtResource("3_4gxog")]
transform = Transform3D(1.8, 0, 0, 0, 1.79212, -0.168238, 0, 0.168238, 1.79212, 16.2868, -1.40939, -26.3559)

[node name="TerrainBlock9" parent="Terrain" instance=ExtResource("3_4gxog")]
transform = Transform3D(1, 0, 0, 0, 0.995623, -0.0934654, 0, 0.0934654, 0.995623, -6.87339, -0.656826, -17.7452)

[node name="TerrainBlock11" parent="Terrain" instance=ExtResource("3_4gxog")]
transform = Transform3D(1, 0, 0, 0, 0.999883, -0.0152885, 0, 0.0152885, 0.999883, -6.87339, -0.153043, -26.6223)

[node name="TerrainBlock10" parent="Terrain" instance=ExtResource("3_4gxog")]
transform = Transform3D(0.9555, -1.86265e-09, -0.130593, -0.0275715, 0.943534, -0.0395359, 0.2937, 0.0885755, 0.421149, -9.65499, 2.87035, -16.138)

[node name="TerrainBlock17" parent="Terrain" instance=ExtResource("3_4gxog")]
transform = Transform3D(0.92147, 3.72529e-09, 0.171966, 0.0363065, 0.943534, -0.0381278, -0.386748, 0.0885755, 0.40615, 16.1387, 1.83517, -5.11086)

[node name="TerrainBlock3" parent="Terrain" instance=ExtResource("3_4gxog")]
transform = Transform3D(-0.322745, 0.0884637, 0.942343, 0, 0.995623, -0.0934654, -0.946486, -0.0301655, -0.321332, -10.2881, -0.0876098, 4.50988)

[node name="TerrainBlock4" parent="Terrain" instance=ExtResource("3_4gxog")]
transform = Transform3D(0.386421, 0.0862052, 0.918285, 1.76297e-09, 0.995623, -0.0934654, -0.922323, 0.036117, 0.38473, -4.96773, -0.0876098, 10.1634)

[node name="TerrainBlock15" parent="Terrain" instance=ExtResource("3_4gxog")]
transform = Transform3D(-0.19016, 0.0167006, 0.231431, -0.0159726, 0.29757, -0.0345976, -0.231482, -0.0342521, -0.187731, 0.111676, 2.37414, 10.9208)

[node name="TerrainBlock6" parent="Terrain" instance=ExtResource("3_4gxog")]
transform = Transform3D(0.887862, -0.269533, 0.372899, -0.000664531, 0.809703, 0.58684, -0.46011, -0.52128, 0.718725, 5.18791, -3.08121, 9.02477)

[node name="DirectionalLight3D" type="DirectionalLight3D" parent="."]
transform = Transform3D(0.728263, 0.172233, 0.663301, -0.685297, 0.183032, 0.704888, 0, -0.967902, 0.251326, 8.25608, 0.0140181, -2.26032)
shadow_enabled = true

[node name="Staris" type="Node" parent="."]

[node name="Stair_2_step" type="Node3D" parent="Staris"]
transform = Transform3D(0.0802686, 0, -0.996773, 0, 1, 0, 0.996773, 0, 0.0802686, 6.46365, 0.443234, -2.4822)

[node name="TerrainBlock18" parent="Staris/Stair_2_step" instance=ExtResource("3_4gxog")]
transform = Transform3D(0.28, 0, 0, 0, 0.28, 0, 0, 0, 0.28, 0, -1.33501, 0)

[node name="TerrainBlock19" parent="Staris/Stair_2_step" instance=ExtResource("3_4gxog")]
transform = Transform3D(0.28, 0, 0, 0, 0.28, 0, 0, 0, 0.28, 0, -0.662881, -1.01156)

[node name="Stair_2_step6" type="Node3D" parent="Staris"]
transform = Transform3D(0.833693, 0, -0.552228, 0, 1, 0, 0.552228, 0, 0.833693, 6.12467, 0.689025, -8.70588)

[node name="TerrainBlock18" parent="Staris/Stair_2_step6" instance=ExtResource("3_4gxog")]
transform = Transform3D(0.28, 0, 0, 0, 0.28, 0, 0, 0, 0.28, 0, -1.33501, 0)

[node name="TerrainBlock19" parent="Staris/Stair_2_step6" instance=ExtResource("3_4gxog")]
transform = Transform3D(0.28, 0, 0, 0, 0.28, 0, 0, 0, 0.28, 0, -0.662881, -1.01156)

[node name="Stair_2_step8" type="Node3D" parent="Staris"]
transform = Transform3D(0.721781, 0.119274, -0.681766, -0.0737136, 0.992684, 0.095629, 0.688185, -0.0187677, 0.725293, 11.0547, 3.52332, -12.9394)

[node name="TerrainBlock18" parent="Staris/Stair_2_step8" instance=ExtResource("3_4gxog")]
transform = Transform3D(0.28, 0, 0, 0, 0.28, 0, 0, 0, 0.28, 0, -1.33501, 0)

[node name="TerrainBlock19" parent="Staris/Stair_2_step8" instance=ExtResource("3_4gxog")]
transform = Transform3D(0.28, 0, 0, 0, 0.28, 0, 0, 0, 0.28, 0, -0.662881, -1.01156)

[node name="Stair_2_step9" type="Node3D" parent="Staris"]
transform = Transform3D(-0.750403, -0.0546474, -0.658717, -0.148104, 0.985139, 0.0869907, 0.644174, 0.162837, -0.747345, 13.9591, 4.48526, -17.7842)

[node name="TerrainBlock18" parent="Staris/Stair_2_step9" instance=ExtResource("3_4gxog")]
transform = Transform3D(0.28, 0, 0, 0, 0.28, 0, 0, 0, 0.28, 0, -1.33501, 0)

[node name="TerrainBlock19" parent="Staris/Stair_2_step9" instance=ExtResource("3_4gxog")]
transform = Transform3D(0.28, 0, 0, 0, 0.28, 0, 0, 0, 0.28, 0, -0.662881, -1.01156)

[node name="Stair_2_step7" type="Node3D" parent="Staris"]
transform = Transform3D(0.833693, -0.196496, -0.516086, 0, 0.934553, -0.355825, 0.552228, 0.296649, 0.77913, 8.03744, 1.94434, -11.1981)

[node name="TerrainBlock18" parent="Staris/Stair_2_step7" instance=ExtResource("3_4gxog")]
transform = Transform3D(0.28, 0, 0, 0, 0.28, 0, 0, 0, 0.28, 0, -1.33501, 0)

[node name="TerrainBlock19" parent="Staris/Stair_2_step7" instance=ExtResource("3_4gxog")]
transform = Transform3D(0.28, 0, 0, 0, 0.28, 0, 0, 0, 0.28, 0, -0.662881, -1.01156)

[node name="Stair_2_step2" type="Node3D" parent="Staris"]
transform = Transform3D(-0.770725, 0, -0.637168, 0, 1, 0, 0.637168, 0, -0.770725, 8.25098, 1.67553, -0.606288)

[node name="TerrainBlock18" parent="Staris/Stair_2_step2" instance=ExtResource("3_4gxog")]
transform = Transform3D(0.28, 0, 0, 0, 0.28, 0, 0, 0, 0.28, 0, -1.33501, 0)

[node name="TerrainBlock19" parent="Staris/Stair_2_step2" instance=ExtResource("3_4gxog")]
transform = Transform3D(0.28, 0, 0, 0, 0.28, 0, 0, 0, 0.28, 0, -0.662881, -1.01156)

[node name="Stair_2_step3" type="Node3D" parent="Staris"]
transform = Transform3D(0.12348, 0, -0.992347, 0, 1, 0, 0.992347, 0, 0.12348, 11.1888, 2.78374, 0.31211)

[node name="TerrainBlock18" parent="Staris/Stair_2_step3" instance=ExtResource("3_4gxog")]
transform = Transform3D(0.28, 0, 0, 0, 0.28, 0, 0, 0, 0.28, 0, -1.33501, 0)

[node name="TerrainBlock19" parent="Staris/Stair_2_step3" instance=ExtResource("3_4gxog")]
transform = Transform3D(0.28, 0, 0, 0, 0.28, 0, 0, 0, 0.28, 0, -0.662881, -1.01156)

[node name="Stair_2_step4" type="Node3D" parent="Staris"]
transform = Transform3D(0.491937, 0, -0.870631, 0, 1, 0, 0.870631, 0, 0.491937, 14.0681, 4.25213, -0.167363)

[node name="TerrainBlock18" parent="Staris/Stair_2_step4" instance=ExtResource("3_4gxog")]
transform = Transform3D(0.28, 0, 0, 0, 0.28, 0, 0, 0, 0.28, 0, -1.33501, 0)

[node name="TerrainBlock19" parent="Staris/Stair_2_step4" instance=ExtResource("3_4gxog")]
transform = Transform3D(0.28, 0, 0, 0, 0.28, 0, 0, 0, 0.28, 0, -0.662881, -1.01156)

[node name="Stair_2_step5" type="Node3D" parent="Staris"]
transform = Transform3D(0.491937, 0, -0.870631, 0, 1, 0, 0.870631, 0, 0.491937, 16.293, 5.42697, -1.12278)

[node name="TerrainBlock18" parent="Staris/Stair_2_step5" instance=ExtResource("3_4gxog")]
transform = Transform3D(0.28, 0, 0, 0, 0.28, 0, 0, 0, 0.28, 0, -1.33501, 0)

[node name="TerrainBlock19" parent="Staris/Stair_2_step5" instance=ExtResource("3_4gxog")]
transform = Transform3D(0.28, 0, 0, 0, 0.28, 0, 0, 0, 0.28, 0, -0.662881, -1.01156)
